version https://git-lfs.github.com/spec/v1
oid sha256:db29d161e3bfa84a8e18e36e765719ac2df8a63bd2f81ac682ebd1ff60a696cf
size 2052394010
